Webots Project File version R2020a
perspectives: 000000ff00000000fd00000002000000000000000000000000fc0100000001fb0000001a0044006f00630075006d0065006e0074006100740069006f006e0000000000ffffffff0000006900ffffff0000000100000369000003b6fc0200000002fb0000001400540065007800740045006400690074006f0072010000001a000002760000008700fffffffb0000000e0043006f006e0073006f006c006501000002920000013e0000003900ffffff00000415000003b600000001000000020000000100000008fc00000000
simulationViewPerspectives: 000000ff0000000100000002000001760000029d0100000002010000000101
sceneTreePerspectives: 000000ff0000000100000002000000c0000001120100000002010000000201
maximizedDockId: -1
centralWidgetVisible: 1
projectionMode: ORTHOGRAPHIC
renderingMode: PLAIN
selectionDisabled: 0
viewpointLocked: 0
orthographicViewHeight: 0.721467
textFiles: 3 "controllers/camera.py" "controllers/test.py" "controllers/my_controller/my_controller.py" "controllers/my_controller_c/my_controller_c.c"
renderingDevicePerspectives: Hexabot:Hexabot_Camera;1;3.15625;0;0
