Webots Project File version R2020a
perspectives: 000000ff00000000fd0000000300000000000002f700000401fc0100000002fb0000001a0044006f00630075006d0065006e0074006100740069006f006e0000000000ffffffff0000005400fffffffb0000001e00480074006d006c0052006f0062006f007400570069006e0064006f00770000000000000002f70000005400ffffff0000000100000269000002cffc0200000001fb0000001400540065007800740045006400690074006f00720100000012000002cf0000009100ffffff00000003000007420000012cfc0100000001fb0000000e0043006f006e0073006f006c00650100000000000007420000005400ffffff000004d3000002cf00000001000000020000000100000008fc00000000
simulationViewPerspectives: 000000ff00000001000000020000013f000002e80100000006010000000100
sceneTreePerspectives: 000000ff0000000100000002000000c0000000fe0100000006010000000200
maximizedDockId: -1
centralWidgetVisible: 1
renderingMode: PLAIN
selectionDisabled: 0
viewpointLocked: 0
orthographicViewHeight: 1
textFiles: 0 "controllers/my_controller_c/my_controller_c.c" "controllers/my_controller_c/System/Walking.c"
renderingDevicePerspectives: Hexabot:Hexabot_Camera;0;10.3281;0;0
renderingDevicePerspectives: Hexabot:Path_Display;0;10.3281;0;0
renderingDevicePerspectives: Hexabot:Lidar_Display;0;1.53125;0.0197802;0.668068
