Webots Project File version R2020a
perspectives: 000000ff00000000fd0000000300000000000002f7000003b6fc0100000002fb0000001e00480074006d006c0052006f0062006f007400570069006e0064006f00770000000000000002f70000000000000000fb0000001a0044006f00630075006d0065006e0074006100740069006f006e0000000000ffffffff0000006900ffffff00000001000001880000032cfc0200000001fb0000001400540065007800740045006400690074006f0072010000001a0000032c0000008700ffffff000000030000078000000088fc0100000001fb0000000e0043006f006e0073006f006c00650100000000000007800000006900ffffff000005f60000032c00000001000000020000000100000008fc00000000
simulationViewPerspectives: 000000ff00000001000000020000013f000002e80100000002010000000100
sceneTreePerspectives: 000000ff0000000100000002000000c0000000fe0100000002010000000200
maximizedDockId: -1
centralWidgetVisible: 1
selectionDisabled: 0
viewpointLocked: 0
orthographicViewHeight: 1
textFiles: 0 "controllers/my_controller_c/my_controller_c.c" "controllers/my_controller_c/System/MappingSystem.c" "controllers/my_controller_c/Auxillaries/PathDisplay.c" "controllers/my_controller_c/Auxillaries/Lidar.c" "controllers/my_controller_c/Auxillaries/GPS.c" "controllers/my_controller_c/Auxillaries/Camera.c" "controllers/my_controller_c/Auxillaries/Compass.c" "controllers/my_controller_c/System/DecisionTree.c"
renderingDevicePerspectives: Hexabot:Lidar_Display;1;3.96875;0.787552;0
renderingDevicePerspectives: Hexabot:Hexabot_Camera;1;4.40625;0.00165975;0
renderingDevicePerspectives: Hexabot:Path_Display;1;3.96875;0.787552;0.338645
