Webots Project File version R2020a
perspectives: 000000ff00000000fd00000003000000000000000000000000fc0100000001fb0000001a0044006f00630075006d0065006e0074006100740069006f006e0000000000000000140000005400ffffff00000001000001240000017bfc0200000001fb0000001400540065007800740045006400690074006f007201000000120000017b0000003c00ffffff000000030000050000000095fc0100000001fb0000000e0043006f006e0073006f006c00650100000000000005000000005400ffffff000003d60000017b00000001000000020000000100000008fc00000000
simulationViewPerspectives: 000000ff000000010000000200000118000002d60100000006010000000100
sceneTreePerspectives: 000000ff0000000100000002000000c0000000fe0100000006010000000200
maximizedDockId: -1
centralWidgetVisible: 1
selectionDisabled: 0
viewpointLocked: 0
orthographicViewHeight: 1
textFiles: -1
renderingDevicePerspectives: Hexabot:Lidar_Display;1;1;0.474138;0.457944
renderingDevicePerspectives: Hexabot:Hexabot_Camera;1;1;0.561782;0.255452
renderingDevicePerspectives: Hexabot:Path_Display;1;1;0;0
