Webots Project File version R2020a
perspectives: 000000ff00000000fd00000003000000000000000000000000fc0100000001fb0000001a0044006f00630075006d0065006e0074006100740069006f006e0000000000000000140000005400ffffff000000010000020e00000192fc0200000001fb0000001400540065007800740045006400690074006f00720100000012000001920000009100ffffff00000003000005000000007efc0100000001fb0000000e0043006f006e0073006f006c00650100000000000005000000005400ffffff000002ec0000019200000001000000020000000100000008fc00000000
simulationViewPerspectives: 000000ff000000010000000200000118000005180100000006010000000100
sceneTreePerspectives: 000000ff0000000100000002000000c0000000fe0100000006010000000200
maximizedDockId: -1
centralWidgetVisible: 1
selectionDisabled: 0
viewpointLocked: 0
orthographicViewHeight: 1
textFiles: 0 "controllers/my_controller_c/my_controller_c.c" "controllers/my_controller_c/System/DecisionTree.c"
renderingDevicePerspectives: Hexabot:Path_Display;1;4.48438;0.0196232;0.126946
renderingDevicePerspectives: Hexabot:Lidar_Display;1;1;0.0784929;0.101796
renderingDevicePerspectives: Hexabot:Hexabot_Camera;1;1;0.135008;0.168862
