Webots Project File version R2020a
perspectives: 000000ff00000000fd000000030000000000000307000003b6fc0100000002fb0000001e00480074006d006c0052006f0062006f007400570069006e0064006f00770000000000000002f70000000000000000fb0000001a0044006f00630075006d0065006e0074006100740069006f006e0000000000ffffffff0000006900ffffff000000010000037800000339fc0200000001fb0000001400540065007800740045006400690074006f0072010000001a000003390000008700ffffff00000003000007800000007bfc0100000001fb0000000e0043006f006e0073006f006c00650100000000000007800000006900ffffff000004060000033900000001000000020000000100000008fc00000000
simulationViewPerspectives: 000000ff000000010000000200000100000003040100000002010000000100
sceneTreePerspectives: 000000ff0000000100000002000000c0000000fe0100000002010000000200
maximizedDockId: -1
centralWidgetVisible: 1
selectionDisabled: 0
viewpointLocked: 0
orthographicViewHeight: 1
textFiles: 2 "controllers/my_controller_c/my_controller_c.c" "controllers/my_controller_c/Auxillaries/Camera.c" "controllers/my_controller_c/System/DecisionTree.c" "controllers/my_controller_c/System/MappingSystem.c" "controllers/my_controller_c/Auxillaries/Lidar.c" "controllers/my_controller_c/System/Walking.c" "controllers/my_controller_c/Auxillaries/PathDisplay.c"
renderingDevicePerspectives: Hexabot:Path_Display;1;3.60938;0.698187;0.510444
renderingDevicePerspectives: Hexabot:Lidar_Display;1;3.42188;0.71373;0
renderingDevicePerspectives: Hexabot:Hexabot_Camera;1;2.1875;0.816062;0.814621
