Webots Project File version R2020a
perspectives: 000000ff00000000fd00000001000000010000022b000003b6fc0200000001fb0000001400540065007800740045006400690074006f0072010000001a000003b60000008700ffffff00000553000003b600000001000000020000000100000008fc00000000
simulationViewPerspectives: 000000ff0000000100000002000000fa000005660100000002010000000100
sceneTreePerspectives: 000000ff0000000100000002000000c0000000fa0100000002010000000200
minimizedPerspectives: 000000ff00000000fd00000001000000010000011c000003b6fc0200000001fb0000001400540065007800740045006400690074006f0072010000001a000003b60000008700ffffff00000662000003b600000001000000020000000100000008fc00000000
maximizedDockId: -1
centralWidgetVisible: 1
selectionDisabled: 0
viewpointLocked: 0
orthographicViewHeight: 1
textFiles: 0 "controllers/my_controller_c/System/DecisionTree.c"
renderingDevicePerspectives: Hexabot:Path_Display;1;3.40625;0;0.00561167
renderingDevicePerspectives: Hexabot:Hexabot_Camera;0;6.15625;0;0.555556
renderingDevicePerspectives: Hexabot:Lidar_Display;1;4.78125;0;0.301931
