Webots Project File version R2020a
perspectives: 000000ff00000000fd00000003000000000000000000000000fc0100000001fb0000001a0044006f00630075006d0065006e0074006100740069006f006e0000000000ffffffff0000006900ffffff00000001000003cc000002dbfc0200000001fb0000001400540065007800740045006400690074006f0072010000001a000002db0000008700ffffff0000000300000780000000d9fc0100000001fb0000000e0043006f006e0073006f006c00650100000000000007800000006900ffffff000003b2000002db00000001000000020000000100000008fc00000000
simulationViewPerspectives: 000000ff0000000100000002000000fa000005660100000002010000000100
sceneTreePerspectives: 000000ff0000000100000002000000c0000000fa0100000002010000000200
minimizedPerspectives: 000000ff00000000fd00000001000000010000011c000003b6fc0200000001fb0000001400540065007800740045006400690074006f0072010000001a000003b60000008700ffffff00000662000003b600000001000000020000000100000008fc00000000
maximizedDockId: -1
centralWidgetVisible: 1
selectionDisabled: 0
viewpointLocked: 0
orthographicViewHeight: 1
textFiles: 0 "controllers/my_controller_c/System/DecisionTree.c" "controllers/my_controller_c/Auxillaries/Camera.c"
renderingDevicePerspectives: Hexabot:Lidar_Display;1;1.26563;0;0
renderingDevicePerspectives: Hexabot:Path_Display;1;4.875;0.54755;0
renderingDevicePerspectives: Hexabot:Hexabot_Camera;1;2.34375;0;0.127976
