Webots Project File version R2020a
perspectives: 000000ff00000000fd00000003000000000000000000000000fc0100000001fb0000001a0044006f00630075006d0065006e0074006100740069006f006e0000000000ffffffff0000006900ffffff00000001000002b200000374fc0200000001fb0000001400540065007800740045006400690074006f0072010000001a000003740000008700ffffff000000030000078000000040fc0100000001fb0000000e0043006f006e0073006f006c00650100000000000007800000006900ffffff000004cc0000037400000001000000020000000100000008fc00000000
simulationViewPerspectives: 000000ff000000010000000200000100000005620100000002010000000100
sceneTreePerspectives: 000000ff0000000100000002000000c0000000fa0100000002010000000200
maximizedDockId: -1
centralWidgetVisible: 1
selectionDisabled: 0
viewpointLocked: 0
orthographicViewHeight: 1
textFiles: 0 "controllers/my_controller_c/my_controller_c.c"
renderingDevicePerspectives: Hexabot:Lidar_Display;1;2.95313;0;0
renderingDevicePerspectives: Hexabot:Hexabot_Camera;1;3.17188;0;0.751515
