Webots Project File version R2020a
perspectives: 000000ff00000000fd00000003000000000000000000000000fc0100000001fb0000001a0044006f00630075006d0065006e0074006100740069006f006e0000000000ffffffff0000005400ffffff000000010000011c00000381fc0200000001fb0000001400540065007800740045006400690074006f00720100000012000003810000003c00ffffff00000003000007420000007afc0100000001fb0000000e0043006f006e0073006f006c00650100000000000007420000005400ffffff000006200000038100000001000000020000000100000008fc00000000
simulationViewPerspectives: 000000ff000000010000000200000177000004e90100000006010000000100
sceneTreePerspectives: 000000ff000000010000000200000265000000fe0100000006010000000200
maximizedDockId: -1
centralWidgetVisible: 1
selectionDisabled: 0
viewpointLocked: 0
orthographicViewHeight: 1
textFiles: -1
renderingDevicePerspectives: Hexabot(1):Hexabot_Camera;1;3.375;0.304971;0.216925
renderingDevicePerspectives: Hexabot(1):Lidar_Display;1;2.73438;0.247683;0.52801
renderingDevicePerspectives: Hexabot:Hexabot_Camera;1;1;0;0
